39 0.44594594594594594 0.17783505154639176 0.16602316602316602 0.20618556701030927
39 0.3281853281853282 0.2860824742268041 0.14285714285714285 0.20618556701030927
39 0.14478764478764478 0.25773195876288657 0.1583011583011583 0.20103092783505155
39 0.13706563706563707 0.7551546391752577 0.16988416988416988 0.20618556701030927
39 0.5501930501930502 0.9072164948453608 0.17374517374517376 0.18556701030927836
39 0.8552123552123552 0.3865979381443299 0.1583011583011583 0.22164948453608246
39 0.7355212355212355 0.26804123711340205 0.15057915057915058 0.20103092783505155
39 0.6042471042471043 0.36855670103092786 0.15057915057915058 0.1958762886597938
39 0.7992277992277992 0.6005154639175257 0.11196911196911197 0.13402061855670103
39 0.5347490347490348 0.7448453608247423 0.11583011583011583 0.13917525773195877
39 0.3552123552123552 0.44587628865979384 0.13513513513513514 0.17010309278350516