39 0.3694980694980695 0.21881443298969075 0.13463320463320463 0.15881443298969072
39 0.28436293436293436 0.3715979381443299 0.10876447876447877 0.16855670103092785
39 0.10424710424710425 0.4260309278350516 0.12791505791505792 0.15644329896907216
39 0.21841698841698842 0.8989690721649485 0.14135135135135135 0.15298969072164947
39 0.6526640926640926 0.8839690721649485 0.14034749034749036 0.1758762886597938
39 0.8088030888030887 0.23850515463917527 0.12355212355212356 0.17670103092783507
39 0.666949806949807 0.1789175257731959 0.11984555984555985 0.15974226804123712
39 0.5672200772200772 0.3306185567010309 0.11783783783783784 0.15381443298969072
39 0.8067953667953668 0.4659278350515464 0.09266409266409266 0.10175257731958762
39 0.591891891891892 0.7157216494845361 0.09536679536679536 0.10381443298969073
39 0.3494980694980695 0.5116494845360825 0.11011583011583011 0.12948453608247423