39 0.38803088803088803 0.2036082474226804 0.14285714285714285 0.17525773195876287
39 0.29343629343629346 0.3479381443298969 0.11969111969111969 0.18041237113402062
39 0.11003861003861004 0.38144329896907214 0.138996138996139 0.17010309278350516
39 0.19305019305019305 0.8634020618556701 0.15057915057915058 0.17010309278350516
39 0.6274131274131274 0.8994845360824743 0.15057915057915058 0.19072164948453607
39 0.8243243243243243 0.2757731958762887 0.13513513513513514 0.19072164948453607
39 0.6872586872586872 0.19845360824742267 0.13127413127413126 0.17525773195876287
39 0.5772200772200772 0.3402061855670103 0.1274131274131274 0.16494845360824742
39 0.806949806949807 0.5025773195876289 0.10038610038610038 0.1134020618556701
39 0.5772200772200772 0.7268041237113402 0.10038610038610038 0.1134020618556701
39 0.34942084942084944 0.4948453608247423 0.11969111969111969 0.14432989690721648