0 0.13788333333333333 0.8919 0.11515 0.13745
0 0.3372666666666667 0.875775 0.0897 0.118825
0 0.34681666666666666 0.813775 0.0027333333333333333 0.017525
0 0.26818333333333333 0.708325 0.0606 0.0794
0 0.3590833333333333 0.760825 0.0606 0.07617499999999999
0 0.4718166666666666 0.7724 0.0606 0.08935
0 0.63925 0.87645 0.09666666666666666 0.124725
0 0.8912166666666667 0.822375 0.09455 0.0984
0 0.65 0.7328749999999999 0.0606 0.073925
0 0.58575 0.7092499999999999 0.06545000000000001 0.063025
0 0.5780333333333333 0.6604000000000001 0.059083333333333335 0.033525
0 0.50925 0.6658499999999999 0.06091666666666666 0.044425
0 0.68955 0.6947 0.051816666666666664 0.052125000000000005