0 0.075 0.705 0.13833333333333334 0.185
0 0.2675 0.7825 0.11 0.155
0 0.29 0.7275 0.006666666666666667 0.0175
0 0.23666666666666666 0.59125 0.07333333333333333 0.1025
0 0.3125 0.6825 0.07333333333333333 0.1
0 0.4166666666666667 0.74625 0.07666666666666666 0.1125
0 0.5541666666666667 0.92 0.11833333333333333 0.16
0 0.805 0.95875 0.11 0.0825
0 0.595 0.79125 0.07333333333333333 0.0975
0 0.5383333333333333 0.73875 0.075 0.09
0 0.5408333333333334 0.68875 0.06333333333333334 0.06
0 0.475 0.6625 0.06666666666666667 0.07
0 0.64 0.7725 0.06 0.0725