0 0.21166666666666667 0.96125 0.13333333333333333 0.0775
0 0.4025 0.92375 0.10666666666666667 0.1475
0 0.40166666666666667 0.86 0.005 0.0175
0 0.30833333333333335 0.78625 0.07166666666666667 0.1
0 0.405 0.80375 0.07166666666666667 0.095
0 0.5166666666666667 0.775 0.07333333333333333 0.1075
0 0.6958333333333333 0.815 0.11333333333333333 0.155
0 0.9316666666666666 0.67125 0.10833333333333334 0.13
0 0.6833333333333333 0.67125 0.07 0.0925
0 0.6166666666666667 0.6725 0.07333333333333333 0.085
0 0.6016666666666667 0.6275 0.06333333333333334 0.055
0 0.5358333333333334 0.6575 0.06666666666666667 0.065
0 0.715 0.62 0.058333333333333334 0.07